[version]
firstversion=1.4.0.15106
lastversion=1.4.0.15106
bootnum=9
appversion=1.4.0.15106
srcversion=1.4.0.15154


